0.028402 -0.015143
0.036314 0.007849
0.099587 0.009076
0.058228 -0.013546
0.083088 0.011726
0.097587 0.021674
0.051142 0.034736
0.094200 0.033561
0.076063 0.033212
0.089225 0.045127
0.064581 0.052694
0.082984 0.055772
0.075293 0.065793
0.066513 0.074622
0.024726 0.030677
0.004308 0.011371
0.048873 0.068073
0.027764 0.078426
0.056557 0.082470
0.045867 0.088861
0.032446 0.054227
0.004957 0.083653
0.022529 0.097393
0.034501 0.093860
0.010355 0.099462
-0.002316 0.099955
-0.016989 0.081334
-0.026830 0.096287
-0.014598 0.098929
0.008352 0.062496
-0.000182 0.039192
-0.038379 0.073206
-0.049447 0.086887
-0.038356 0.092348
-0.059671 0.080245
-0.070361 0.042610
-0.018399 0.058749
-0.023197 0.028192
-0.057355 0.060607
-0.077473 0.063217
-0.069123 0.072262
-0.084555 0.053350
-0.094856 0.031529
-0.040864 0.046590
-0.031392 0.005261
-0.078908 0.022123
-0.082461 0.000535
-0.090430 0.042689
-0.098021 0.019796
-0.099904 -0.004321
-0.099643 0.007901
-0.070363 -0.043152
-0.053848 0.024998
-0.079984 -0.021445
-0.098613 -0.016296
-0.095934 -0.028226
-0.086404 -0.050341
-0.091821 -0.039572
-0.079597 -0.060460
-0.059315 0.001014
-0.057526 -0.023797
-0.056532 -0.060857
-0.032575 -0.019533
-0.071752 -0.069647
-0.038035 -0.073994
-0.052745 -0.084959
-0.062595 -0.077934
-0.041859 -0.090818
-0.030591 -0.095175
-0.018798 -0.098217
-0.041413 -0.044951
-0.014344 -0.081935
-0.012581 -0.037655
0.005651 -0.061025
-0.020489 -0.060713
0.031268 -0.054196
-0.006557 -0.099785
0.018024 -0.098362
0.005646 -0.099804
0.029858 -0.095417
0.041458 -0.090978
0.008259 -0.082841
0.052205 -0.085284
0.029817 -0.077321
0.062379 -0.078155
0.050387 -0.066161
0.086361 -0.050233
0.014223 -0.035496
0.047852 -0.035708
0.071484 -0.069867
0.096019 -0.027684
0.079594 -0.060537
0.065672 -0.050432
0.091947 -0.039315
0.098730 -0.015729
0.082057 -0.010168
0.061480 0.011357
0.099944 -0.003313
-0.003859 -0.011715
0.076095 -0.031377
